Evolution 1:
Below are the vectors
0.030157 0.084137 0.885706 0.762762 0.237238 0.256591 0.743409 0.250051 0.749949 
0.093462 0.327170 0.579368 0.763906 0.236094 0.486118 0.513882 0.451052 0.548948 
0.059925 0.298783 0.641292 0.570060 0.429940 0.423750 0.576250 0.451048 0.548952 
0.103595 0.288906 0.607499 0.376180 0.623820 0.472911 0.527089 0.162866 0.837134 
0.069033 0.214174 0.716794 0.520954 0.479046 0.047641 0.952359 0.080591 0.919409 
0.236743 0.249866 0.513391 0.471516 0.528484 0.374423 0.625577 0.094518 0.905482 
0.058831 0.216414 0.724755 0.227361 0.772639 0.321292 0.678708 0.242301 0.757699 
0.066067 0.136728 0.797205 0.240558 0.759442 0.263187 0.736813 0.383360 0.616640 
0.182397 0.368545 0.449059 0.479376 0.520624 0.283400 0.716600 0.499224 0.500776 
0.076112 0.399962 0.523927 0.327216 0.672784 0.330673 0.669327 0.450378 0.549622 
0.068197 0.440836 0.490967 0.362890 0.637110 0.441349 0.558651 0.475601 0.524399 
0.050557 0.359109 0.590334 0.444307 0.555693 0.230135 0.769865 0.008939 0.991061 
0.036381 0.038943 0.924677 0.411869 0.588131 0.011658 0.988342 0.295182 0.704818 
0.224102 0.337727 0.438171 0.296909 0.703091 0.318385 0.681615 0.234230 0.765770 
0.196492 0.373935 0.429573 0.658887 0.341113 0.047641 0.952359 0.168553 0.831447 
0.182397 0.368545 0.449059 0.479376 0.520624 0.230135 0.769865 0.008939 0.991061 
0.178337 0.345465 0.476198 0.395342 0.604658 0.220476 0.779524 0.174703 0.825297 
0.058831 0.216414 0.724755 0.227361 0.772639 0.486118 0.513882 0.242301 0.757699 
0.069033 0.214174 0.716794 0.570060 0.429940 0.423750 0.576250 0.451048 0.548952 
0.058831 0.216414 0.724755 0.227361 0.772639 0.321292 0.678708 0.475601 0.524399 
Evolution 2:
Below are the vectors
0.059925 0.298783 0.641292 0.570060 0.429940 0.423750 0.576250 0.451048 0.548952 
0.030157 0.084137 0.885706 0.762762 0.237238 0.256591 0.743409 0.250051 0.749949 
0.069033 0.214174 0.716794 0.570060 0.429940 0.423750 0.576250 0.451048 0.548952 
0.093462 0.327170 0.579368 0.763906 0.236094 0.486118 0.513882 0.451052 0.548948 
0.103595 0.288906 0.607499 0.376180 0.623820 0.472911 0.527089 0.162866 0.837134 
0.058831 0.216414 0.724755 0.227361 0.772639 0.321292 0.678708 0.242301 0.757699 
0.069033 0.214174 0.716794 0.520954 0.479046 0.047641 0.952359 0.080591 0.919409 
0.182397 0.368545 0.449059 0.479376 0.520624 0.283400 0.716600 0.499224 0.500776 
0.076112 0.399962 0.523927 0.327216 0.672784 0.330673 0.669327 0.450378 0.549622 
0.236743 0.249866 0.513391 0.471516 0.528484 0.374423 0.625577 0.094518 0.905482 
0.066067 0.136728 0.797205 0.240558 0.759442 0.263187 0.736813 0.383360 0.616640 
0.058831 0.216414 0.724755 0.227361 0.772639 0.486118 0.513882 0.242301 0.757699 
0.182397 0.368545 0.449059 0.479376 0.520624 0.230135 0.769865 0.008939 0.991061 
0.224102 0.337727 0.438171 0.296909 0.703091 0.318385 0.681615 0.234230 0.765770 
0.103595 0.288906 0.607499 0.376180 0.623820 0.472911 0.527089 0.162866 0.837134 
0.066067 0.136728 0.797205 0.570060 0.429940 0.263187 0.736813 0.383360 0.616640 
0.058831 0.216414 0.724755 0.376180 0.623820 0.472911 0.527089 0.105043 0.894957 
0.182397 0.368545 0.449059 0.479376 0.520624 0.230135 0.769865 0.008939 0.991061 
0.182397 0.368545 0.449059 0.479376 0.520624 0.330673 0.669327 0.450378 0.549622 
0.093462 0.327170 0.579368 0.520954 0.479046 0.486118 0.513882 0.080591 0.919409 
Finished!
Time: 417484.000000
Below are the vectors
0.066067 0.136728 0.797205 0.570060 0.429940 0.263187 0.736813 0.383360 0.616640 
0.030157 0.084137 0.885706 0.762762 0.237238 0.256591 0.743409 0.250051 0.749949 
0.093462 0.327170 0.579368 0.520954 0.479046 0.486118 0.513882 0.080591 0.919409 
0.059925 0.298783 0.641292 0.570060 0.429940 0.423750 0.576250 0.451048 0.548952 
0.069033 0.214174 0.716794 0.570060 0.429940 0.423750 0.576250 0.451048 0.548952 
0.093462 0.327170 0.579368 0.763906 0.236094 0.486118 0.513882 0.451052 0.548948 
0.103595 0.288906 0.607499 0.376180 0.623820 0.472911 0.527089 0.162866 0.837134 
0.103595 0.288906 0.607499 0.376180 0.623820 0.472911 0.527089 0.162866 0.837134 
0.236743 0.249866 0.513391 0.471516 0.528484 0.374423 0.625577 0.094518 0.905482 
0.069033 0.214174 0.716794 0.520954 0.479046 0.047641 0.952359 0.080591 0.919409 
0.058831 0.216414 0.724755 0.376180 0.623820 0.472911 0.527089 0.105043 0.894957 
0.058831 0.216414 0.724755 0.227361 0.772639 0.321292 0.678708 0.242301 0.757699 
0.076112 0.399962 0.523927 0.327216 0.672784 0.330673 0.669327 0.450378 0.549622 
0.066067 0.136728 0.797205 0.240558 0.759442 0.263187 0.736813 0.383360 0.616640 
0.182397 0.368545 0.449059 0.479376 0.520624 0.230135 0.769865 0.008939 0.991061 
0.182397 0.368545 0.449059 0.479376 0.520624 0.283400 0.716600 0.499224 0.500776 
0.182397 0.368545 0.449059 0.479376 0.520624 0.230135 0.769865 0.008939 0.991061 
0.182397 0.368545 0.449059 0.479376 0.520624 0.330673 0.669327 0.450378 0.549622 
0.058831 0.216414 0.724755 0.227361 0.772639 0.486118 0.513882 0.242301 0.757699 
0.224102 0.337727 0.438171 0.296909 0.703091 0.318385 0.681615 0.234230 0.765770 
